// Game: Quake
// Format: Standard
// entity 0
{
"classname" "worldspawn"
"wad" "D:/Games/Quake/ironwail/dawn/src_wads/dawn_common.wad"
"_tb_mod" "dawn"
"_tb_def" "external:D:/Games/Quake/ironwail/dawn/src_maps/Dawn.fgd"
// brush 0
{
( -256 -64 -16 ) ( -256 -63 -16 ) ( -256 -64 -15 ) dawn_default 0 0 0 1 1
( -64 -256 -16 ) ( -64 -256 -15 ) ( -63 -256 -16 ) dawn_default 0 0 0 1 1
( -64 -64 -16 ) ( -63 -64 -16 ) ( -64 -63 -16 ) dawn_default 0 0 0 1 1
( 64 64 0 ) ( 64 65 0 ) ( 65 64 0 ) dawn_default 0 0 0 1 1
( 64 256 0 ) ( 65 256 0 ) ( 64 256 1 ) dawn_default 0 0 0 1 1
( 256 64 0 ) ( 256 64 1 ) ( 256 65 0 ) dawn_default 0 0 0 1 1
}
// brush 1
{
( -256 -64 320 ) ( -256 -63 320 ) ( -256 -64 321 ) dawn_default 0 0 0 1 1
( -64 -256 320 ) ( -64 -256 321 ) ( -63 -256 320 ) dawn_default 0 0 0 1 1
( -64 -64 320 ) ( -63 -64 320 ) ( -64 -63 320 ) dawn_default 0 0 0 1 1
( 64 64 336 ) ( 64 65 336 ) ( 65 64 336 ) dawn_default 0 0 0 1 1
( 64 256 336 ) ( 65 256 336 ) ( 64 256 337 ) dawn_default 0 0 0 1 1
( 256 64 336 ) ( 256 64 337 ) ( 256 65 336 ) dawn_default 0 0 0 1 1
}
// brush 2
{
( -272 -256 0 ) ( -272 -255 0 ) ( -272 -256 1 ) dawn_default 0 0 0 1 1
( -272 -256 0 ) ( -272 -256 1 ) ( -271 -256 0 ) dawn_default 0 0 0 1 1
( -272 -256 0 ) ( -271 -256 0 ) ( -272 -255 0 ) dawn_default 0 0 0 1 1
( -256 256 320 ) ( -256 257 320 ) ( -255 256 320 ) dawn_default 0 0 0 1 1
( -256 256 320 ) ( -255 256 320 ) ( -256 256 321 ) dawn_default 0 0 0 1 1
( -256 256 320 ) ( -256 256 321 ) ( -256 257 320 ) dawn_default 0 0 0 1 1
}
// brush 3
{
( 256 -256 0 ) ( 256 -255 0 ) ( 256 -256 1 ) dawn_default 0 0 0 1 1
( 256 -256 0 ) ( 256 -256 1 ) ( 257 -256 0 ) dawn_default 0 0 0 1 1
( 256 -256 0 ) ( 257 -256 0 ) ( 256 -255 0 ) dawn_default 0 0 0 1 1
( 272 256 320 ) ( 272 257 320 ) ( 273 256 320 ) dawn_default 0 0 0 1 1
( 272 256 320 ) ( 273 256 320 ) ( 272 256 321 ) dawn_default 0 0 0 1 1
( 272 256 320 ) ( 272 256 321 ) ( 272 257 320 ) dawn_default 0 0 0 1 1
}
// brush 4
{
( -256 -272 0 ) ( -256 -271 0 ) ( -256 -272 1 ) dawn_default 0 0 0 1 1
( 240 -272 0 ) ( 240 -272 1 ) ( 241 -272 0 ) dawn_default 0 0 0 1 1
( 240 -272 0 ) ( 241 -272 0 ) ( 240 -271 0 ) dawn_default 0 0 0 1 1
( 256 -256 320 ) ( 256 -255 320 ) ( 257 -256 320 ) dawn_default 0 0 0 1 1
( 256 -256 320 ) ( 257 -256 320 ) ( 256 -256 321 ) dawn_default 0 0 0 1 1
( 256 -256 320 ) ( 256 -256 321 ) ( 256 -255 320 ) dawn_default 0 0 0 1 1
}
// brush 5
{
( -256 256 0 ) ( -256 257 0 ) ( -256 256 1 ) dawn_default 0 0 0 1 1
( 240 256 0 ) ( 240 256 1 ) ( 241 256 0 ) dawn_default 0 0 0 1 1
( 240 256 0 ) ( 241 256 0 ) ( 240 257 0 ) dawn_default 0 0 0 1 1
( 256 272 320 ) ( 256 273 320 ) ( 257 272 320 ) dawn_default 0 0 0 1 1
( 256 272 320 ) ( 257 272 320 ) ( 256 272 321 ) dawn_default 0 0 0 1 1
( 256 272 320 ) ( 256 272 321 ) ( 256 273 320 ) dawn_default 0 0 0 1 1
}
}
// entity 1
{
"classname" "info_player_start"
"origin" "0 0 24"
}
// entity 2
{
"classname" "info_notnull"
"origin" "-8 -8 8"
"ammo_shells" "-25"
"think" "InitTrigger"
"touch" "BackpackTouch"
"nextthink" ".2"
}
// entity 3
{
"classname" "item_armor1"
"origin" "128 0 0"
}
// entity 4
{
"classname" "item_armor2"
"origin" "128 -80 0"
}
// entity 5
{
"classname" "item_armorInv"
"origin" "80 -144 0"
}
